s-v  1.000 0.982 0.916 0.674 0.376 0.148 0.168
u-v  0.982 1.000 0.955 0.736 0.451 0.230 0.252
b-v  0.916 0.955 1.000 0.842 0.602 0.404 0.407
v-w  0.674 0.736 0.842 1.000 0.820 0.661 0.636
v-x  0.376 0.451 0.602 0.820 1.000 0.927 0.842
v-p  0.148 0.230 0.404 0.661 0.927 1.000 0.896
v-z  0.168 0.252 0.407 0.636 0.842 0.896 1.000
